image_width: 640
image_height: 480
camera_name: camera
camera_matrix:
  rows: 3
  cols: 3
  data: [1.19131878e+04, 0, 3.51387457e+02, 0, 4.66503079e+03, 3.42415474e+02, 0, 0, 1,]
distortion_model: plumb_bob
distortion_coefficients:
  rows: 1
  cols: 5
  data: [1.65229095e+01, -7.48045550e+02,  2.27019552e+00,  5.08049106e-01, 2.74541043e+04]
rectification_matrix:
  rows: 3
  cols: 3
  data: [1, 0, 0, 0, 1, 0, 0, 0, 1]
projection_matrix:
  rows: 3
  cols: 4
  data: [-9.42492023e+02, -1.12651951e+04, -3.77552716e+03,  9.89663607e+04, 8.21104554e+02,  1.39179094e+03, -4.38958608e+03,  2.06153705e+04, 9.88724642e-01, -1.35369578e-01, 6.40207699e-02, 1.96036069e+02]